X,Y
0.00,38.00
1.00,39.50
2.00,41.00
3.00,42.50
4.00,44.00
5.00,45.50
6.00,47.00
7.00,48.50
8.00,50.00
9.00,51.50
10.00,53.00
11.00,54.50
12.00,56.00
13.00,57.50
14.00,59.00
15.00,60.50
16.00,62.00
17.00,63.50
18.00,65.00
19.00,66.50
20.00,68.00
21.00,69.50
22.00,71.00
23.00,72.50
24.00,74.00
25.00,75.50
26.00,77.00
27.00,78.50
28.00,80.00
29.00,81.50
30.00,83.00
31.00,84.50
32.00,86.00
33.00,87.50
34.00,89.00
35.00,90.50
36.00,92.00
37.00,93.50
38.00,95.00
39.00,96.50
40.00,98.00
41.00,99.50
42.00,101.00
43.00,102.50
44.00,104.00
45.00,105.50
46.00,107.00
47.00,108.50
48.00,110.00
49.00,111.50
50.00,113.00
51.00,114.50
52.00,116.00
53.00,117.50
54.00,119.00
55.00,120.50
56.00,122.00
57.00,123.50
58.00,125.00
59.00,126.50
60.00,128.00
61.00,129.50
62.00,131.00
63.00,132.50
64.00,134.00
65.00,135.50
66.00,137.00
67.00,138.50
68.00,140.00
69.00,141.50
70.00,143.00
71.00,144.50
72.00,146.00
73.00,147.50
74.00,149.00
75.00,150.50
76.00,152.00
77.00,153.50
78.00,155.00
79.00,156.50
80.00,158.00
81.00,159.50
82.00,161.00
83.00,162.50
84.00,164.00
85.00,165.50
86.00,167.00
87.00,168.50
88.00,170.00
89.00,171.50
90.00,173.00
91.00,174.50
92.00,176.00
93.00,177.50
94.00,179.00
95.00,180.50
96.00,182.00
97.00,183.50
98.00,185.00
99.00,186.50
100.00,188.00
